name;frameTime;F0final_sma;F0final_sma_de;audspec_lengthL1norm_sma;audspec_lengthL1norm_sma_de;jitterDDP_sma;jitterDDP_sma_de;jitterLocal_sma;jitterLocal_sma_de;logHNR_sma;logHNR_sma_de;pcm_fftMag_fband1000-4000_sma;pcm_fftMag_fband1000-4000_sma_de;pcm_fftMag_fband250-650_sma;pcm_fftMag_fband250-650_sma_de;pcm_fftMag_mfcc_sma[10];pcm_fftMag_mfcc_sma[11];pcm_fftMag_mfcc_sma[12];pcm_fftMag_mfcc_sma[13];pcm_fftMag_mfcc_sma[14];pcm_fftMag_mfcc_sma[15];pcm_fftMag_mfcc_sma[16];pcm_fftMag_mfcc_sma[1];pcm_fftMag_mfcc_sma[2];pcm_fftMag_mfcc_sma[3];pcm_fftMag_mfcc_sma[4];pcm_fftMag_mfcc_sma[5];pcm_fftMag_mfcc_sma[6];pcm_fftMag_mfcc_sma[7];pcm_fftMag_mfcc_sma[8];pcm_fftMag_mfcc_sma[9];pcm_fftMag_mfcc_sma_de[10];pcm_fftMag_mfcc_sma_de[11];pcm_fftMag_mfcc_sma_de[12];pcm_fftMag_mfcc_sma_de[13];pcm_fftMag_mfcc_sma_de[14];pcm_fftMag_mfcc_sma_de[15];pcm_fftMag_mfcc_sma_de[16];pcm_fftMag_mfcc_sma_de[1];pcm_fftMag_mfcc_sma_de[2];pcm_fftMag_mfcc_sma_de[3];pcm_fftMag_mfcc_sma_de[4];pcm_fftMag_mfcc_sma_de[5];pcm_fftMag_mfcc_sma_de[6];pcm_fftMag_mfcc_sma_de[7];pcm_fftMag_mfcc_sma_de[8];pcm_fftMag_mfcc_sma_de[9];pcm_fftMag_psySharpness_sma;pcm_fftMag_psySharpness_sma_de;pcm_fftMag_spectralEntropy_sma;pcm_fftMag_spectralEntropy_sma_de;pcm_fftMag_spectralFlatness_sma;pcm_fftMag_spectralFlatness_sma_de;pcm_fftMag_spectralFlux_sma;pcm_fftMag_spectralFlux_sma_de;pcm_fftMag_spectralHarmonicity_sma;pcm_fftMag_spectralHarmonicity_sma_de;pcm_fftMag_spectralKurtosis_sma;pcm_fftMag_spectralKurtosis_sma_de;pcm_fftMag_spectralRollOff25.0_sma;pcm_fftMag_spectralRollOff25.0_sma_de;pcm_fftMag_spectralRollOff50.0_sma;pcm_fftMag_spectralRollOff50.0_sma_de;pcm_fftMag_spectralRollOff75.0_sma;pcm_fftMag_spectralRollOff75.0_sma_de;pcm_fftMag_spectralRollOff90.0_sma;pcm_fftMag_spectralRollOff90.0_sma_de;pcm_fftMag_spectralSkewness_sma;pcm_fftMag_spectralSkewness_sma_de;pcm_fftMag_spectralVariance_sma;pcm_fftMag_spectralVariance_sma_de;pcm_zcr_sma;pcm_zcr_sma_de;shimmerLocal_sma;shimmerLocal_sma_de;voicingFinalUnclipped_sma;voicingFinalUnclipped_sma_de
'IITM_DNN_02889_0_अपनी.wav';0.0;145.52654814814815;0.005915333333333343;0.5376985622222222;0.029250144259259255;0.03539438544444445;-0.0004989050218518518;0.04062906518518517;-0.0006091518625925928;-15.38858633333333;0.7785789351851853;0.022240747661296294;0.0005962645034000008;0.2639096490892593;0.0518870236137037;-6.846432322222221;-19.661247888888884;-3.8757210962962967;-4.575429022222221;-4.544329981851853;-2.3002580074074075;-3.8145641333333327;36.995237777777774;4.30006937037037;15.529584651851849;-14.747935111111117;5.569725555555558;-2.0506480444444444;-11.087256688888889;-10.972852294074071;1.9155930370370384;0.6032913037037039;0.300112551851852;-0.2469515544444447;-0.007823427777777945;0.00039108296296293303;-0.008816831481481524;-0.3513243111111111;0.4892305925925925;1.6639518393333335;1.6698433777777777;-1.1992847614814812;-1.0875949018518516;-0.43822069999999996;-1.152633198888889;-0.59497879;-0.8804348333333332;0.3889272074074075;-0.02335469344444444;3.526972592592593;-0.09076576381481478;0.004396210055555555;-0.001092393473074074;0.22244526633333336;0.0067581998888888925;0.314404112707037;0.04305668417925926;116.92946651851851;3.39529878888889;210.6481555555555;-16.049385148148147;361.1111111111111;-27.08333551851852;532.4074037037037;-60.879630925925916;728.0092592592592;-69.90741362962962;5.906329851851852;0.26112231555555554;141367.45962962962;-21311.493759259254;0.08777777592592592;-0.011358024366666665;0.25425875370370365;-0.002235036833703704;0.7260391592592595;0.0015696126611851851
'IITM_DNN_02889_1_शकल.wav';0.0;100.90347812499999;-0.03969918303125001;0.597395070625;-0.004794074375;0.011704391124999998;-0.0001078716340625;0.017785828750000003;-0.00015017397978125;-42.077037490624996;0.33175714840625004;0.013461773298093747;-0.00014479714453125;0.2549223202875;0.0038518320543750027;-0.8053592187499996;-6.897836009374999;1.0399231781249998;-6.32336156875;-8.4728333625;-0.800987776875;-3.73050283125;18.39247054375;7.648361412500001;24.931889134375005;-7.636403093749999;-6.2920090215625;-18.427925803125;-4.711643428125;1.8834650187500004;-1.2313754812812496;-0.13864477187500007;-0.10291953500000006;0.35477418906249997;0.022077437437499986;-0.10718317999999998;0.344373030625;-0.008138083750000007;1.2292023484374996;-0.2753687468749998;-0.24503145906249996;-0.28088987500000007;-0.24381860500000005;-0.4740739875000001;-0.7664761562499999;0.20096005500000022;-0.06611270249999993;1.0416464093749997;-0.021345351156250005;4.4792524687499995;-0.042184817062499984;0.046765282890625;-0.0021710430393749995;0.2465970525;0.0006253394062500009;0.2544479892125001;0.0032924240750000014;66.2440813125;8.3271520609375;996.0937562499998;-7.552073499999998;1263.6718468750003;-11.686210812499997;1968.7500312500001;-55.01301268750001;2328.125003125;-67.31771781249999;4.0827224271875;0.21214593034374998;960221.5178124998;-94672.31934374997;0.2212500062499999;-0.008307290140625;0.10500887125;-0.0002859224937499999;0.6881009187499999;0.0016482617072500004
'IITM_DNN_02889_2_पर.wav';0.0;145.41331250000002;-0.09127530374999998;0.6760387195833335;0.004539235958333337;0.012256558874999999;-2.5814749804166666e-05;0.021396797958333335;-0.00019654360666666667;-3.603032541666664;1.209086366;0.017106589428375;2.557508051250291e-06;0.25935075391874995;5.147475983334229e-05;-11.485185708333335;-18.960501000000004;1.4077991354166668;-8.730797588749999;-6.501291796499999;3.6885251166666664;0.7835909729166667;38.390495;1.9702189166666662;18.009446770833335;-10.87073524583333;-3.1463274250000004;-12.272681816666664;1.8586810420833337;7.321409541666667;10.612929583333331;-0.0937183650000002;0.05851498333333325;-0.16603989500000002;-0.36876178291666667;-0.5127294408333333;-0.2406050291666667;0.10099372083333331;0.1134162402916667;-0.19937076250000005;1.0913932854166666;0.12894071416666655;-0.3455001018750001;0.1865643416666667;0.0018928897541666545;0.5447179583333334;0.11522401250000021;0.3503376875;-0.0022241324499999984;3.531304833333333;-0.04948645270833332;0.004537980754166667;-8.968042258333338e-05;0.2083077637083333;0.001145605541666667;0.3657336981112918;0.0006324479173333343;130.62880125;4.307722666666668;156.24999749999998;0.6076379166666667;278.6458333333333;-0.8680566666666655;464.8437541666667;-1.9097231206868335;602.8645875;-6.510416458333331;6.6660465;0.10903327912499998;117464.05791666667;-987.1807066666651;0.0669097225;-0.00031597219166666667;0.1585970295833333;-0.0009545741041666667;0.7412663791666666;0.0015660475694583337
'IITM_DNN_02889_3_दाढ़ी.wav';0.0;192.61437291666664;0.03807063866666667;1.0998446041666665;0.018049875124999996;0.024458702937499997;-7.169266456249998e-05;0.024415567724999993;-9.769423275625003e-05;19.930688395833332;0.05625402065208332;0.2532132346918542;0.0007356397803749979;0.5920232176874999;0.03223351928125;-6.684793697916664;-19.5462679375;-2.102433997916667;-10.434777489583333;-13.50646622916667;-4.758833724791667;-6.165590452083333;35.66602979166666;6.452824689583334;25.524576333333332;-9.515885241666668;-2.6161300458333345;-5.401027206250002;-12.445845665000002;-2.877159497916667;-0.27805129375000004;0.4768667356041667;-0.4308451972916667;0.22005942766041664;-0.24229303541666672;-0.4398709677083334;-0.36785162416666667;-0.2325224114583333;-0.3580864395833332;-0.42418139560416707;0.4968083893749999;-1.0951929379166665;-0.5675845920208333;-0.0795912301458333;-0.5711644395833332;-0.40439618749999995;0.07739252749999999;0.3640844208333332;0.0030779677472916717;3.1166895416666662;0.009332893104166675;0.0018959482693749997;1.485083739166667e-05;0.3651396054166665;0.0021236943749999983;1.0161835143750002;0.027624819354166663;245.37413827083333;-13.157825935416668;209.63541666666666;1.6927085416666665;349.6093729166667;1.9531255624999984;483.7239291666667;5.208335708333332;632.1614812500001;5.468748749999995;7.854856041666667;-0.0326256515208334;111793.90437499997;2339.731773541666;0.07800347208333334;0.0005972220072916675;0.13024753291666666;-0.003253093272687501;0.7958469249999998;3.8893757239583336e-05
'IITM_DNN_02889_4_बढ़ाने.wav';0.0;181.02986603773587;-0.036680412002830176;0.8893829113207546;0.002574213018867924;0.01113013971698113;7.132774981132078e-06;0.012371586571698116;9.571737394339622e-06;22.33019037735849;0.024448253266037744;0.05681393365886793;9.766036096226439e-05;0.5597894136603774;0.004675851366679241;-9.13673573962264;-12.492351169811325;-0.4935613150943401;-9.179983849056605;-7.203312063207548;-2.6888213264150944;-2.7461333433962265;40.38318339622642;0.554172186792452;24.17199156603773;-5.380470326415095;0.10407116792452872;-7.392025090566037;-9.02274770754717;-0.8223154339622665;-4.306811443396228;0.0935051245283019;-0.18167967320754713;0.2713945586792453;0.06581338320754722;0.12757114033962252;0.13483518471698114;0.04128662981132073;-0.1739935913207548;0.034712192452830186;0.41691688935849064;-0.6037749849056606;-0.4454635655660376;0.17172725283018864;-0.12455786609433964;-0.08145245690566058;0.3545060766037736;0.3144883528301886;0.0012151433400000012;3.055079849056604;0.017904041301886792;0.001191992603207547;6.174187056603766e-06;0.2135298064150943;0.0075012225245283;0.667439141509434;0.0009926904905660484;140.72807250943396;-13.557444454716979;170.4009433962264;0.1375783584905659;237.61792641509433;0.3341195660377353;376.3757830188678;2.476415811320756;608.0974849056603;2.948113528301884;5.2778137547169806;-0.0381736302830188;124232.52960377357;859.1880773584904;0.06371069169811323;0.0005660379283951301;0.0693040144339623;-0.0007853307549811321;0.7950596358490565;-1.3263365232075462e-05
'IITM_DNN_02889_5_का.wav';0.0;177.8219818181818;-0.09359098110909092;1.1361532818181816;0.10748331245454547;0.04896162072727273;-0.0005803757181818182;0.07329175432727271;-0.0010361235445454546;0.2867103727272729;1.9629502281818179;0.11295245031818181;0.014221691245454542;0.39875409625454544;0.02585303663636362;-14.821557181818184;-19.90909029090909;8.412655545454545;-7.628570999999997;-10.558854727272728;-2.1897691181818186;-3.9057842;36.62745727272727;-13.85718009090909;7.666824272727274;-11.967902909090908;6.84994109090909;-15.785775654545454;-4.675263090909091;9.71954690909091;2.4468781441818184;-2.175827036363636;-2.9280043481818185;-0.5792595272727273;-0.025238066181818074;-1.1849156818181819;-0.7338910618181818;-0.9272602454545452;2.1025751181818184;-0.9447518818181819;0.27368590454545444;-2.634415854545454;1.3648307727272728;2.115788363636363;-2.6065295545454545;0.5808495636363635;-1.2681342272727276;0.5225777000000001;-0.026735096181818182;4.343765454545455;-0.1326023036363636;0.012331679818181817;-0.004669675699999999;0.31031454636363637;0.01804887727272728;0.7000195008000001;0.07436916636363634;14.568249363636367;0.16002914545454552;207.38636363636363;-6.628787181818183;389.2045545454546;-32.196971545454545;834.2803;-63.54167054545454;1153.4091272727273;-91.47726636363637;2.3769727272727277;0.004033151818181813;327024.8363636363;-61180.32327272727;0.1134090809090909;-0.000568181727272727;0.15626240181818182;-0.001660529681818182;0.8048360181818182;0.0035219561027272734
'IITM_DNN_02889_6_कौल.wav';0.0;131.1841918918919;-0.02693220512702703;0.5204820427027027;0.00041665672972973465;0.019076666918918916;-8.751477570270272e-05;0.020960697891891894;-0.0002167002234864865;-1.3347855405405418;0.4811287649459458;0.011822623642702703;-1.7663748108108133e-05;0.21868981055459463;0.0008086380948648631;2.700333627027027;-5.92329992162162;0.8762027135135136;-5.7150735405405415;-10.752895270270269;7.687962049999999;-5.234369945945946;45.50367432432432;8.356344084594594;8.88416864054054;-21.162112424324324;18.011341810810816;-2.4552175135135155;-12.115547270270266;-0.6853312000000004;3.700454189189189;-0.03181331270270272;0.48576563513513504;0.26601524756756756;-0.18372788037837837;-0.21693315981081077;0.09489714081081073;0.15236153197297292;0.45191161432432436;0.9011101400540538;1.4781737545945948;0.21056758108108087;-1.0499503621621622;-0.8332001516216216;-0.6700231164864866;-0.29075624481081086;-0.14021097297297297;0.3554125891891891;-0.012263557432432431;3.7023664324324335;-0.05698187127027027;0.003045914516216217;-0.00037763059156135145;0.12081861010810813;0.0018834155918918919;0.29137994609756757;0.0011096058198378285;54.49184378378377;3.2922035297297296;173.9864891891892;-1.3795042432432432;283.7837837837838;-16.103601972972978;472.1283729729729;-19.79166851351352;662.1621486486487;-27.927928432432434;3.607094864864864;0.06445516945945945;95268.96918918923;-8351.774472972977;0.06999999918918919;-0.0019099105336502185;0.11108281843243245;-0.0006353347637108107;0.7289576027027027;0.0008327013805945942
'IITM_DNN_02889_7_उन्होंने.wav';0.0;175.02900192307692;0.040784052346153836;0.7562317365384617;-0.000745577465384617;0.015869822019230765;-2.3614246873076917e-05;0.029482844884615396;-0.0002889142203461539;9.255974934615379;0.014496665500000007;0.01524922422;1.0046176153846355e-05;0.9260084740384614;-0.00046348417500001124;-0.6352996057692307;-7.317860317307692;-3.252618863461538;-5.764280418076923;-4.490044076923078;-3.4441894180403874;-6.17209400576923;44.11274134615386;13.575157855769227;21.87089413076923;-20.515461188461536;-8.49862942692308;-13.455752836538466;-15.202602244230771;-14.75817438076923;-6.276816786538461;0.2324026381365384;-0.056042457134615226;0.14493408923076914;0.02611284134615381;-0.009364028211538467;0.2572364326923076;0.1626146363461539;-0.33150539230769216;-0.18895146615384603;0.7139898498076924;-0.3273630819230772;-0.331244450576923;0.10286264226923077;-0.03356475461538453;-0.10731010711538473;0.4388769375;0.32303069423076936;0.0023277861942307696;2.9473564807692316;0.003985359403846157;0.0008018144355769232;7.29792596923077e-05;0.26296151000000006;-0.00034517731923076834;0.913880224019231;-0.0002346170000000025;95.7323359615385;-1.6952494307692294;208.7339788461538;1.0416667500000005;293.0689096153846;2.6442303653846153;358.77403846153845;1.4022436346153846;495.79326346153846;10.25641230769231;4.679780076923077;0.014807608269230797;89238.54788461539;5271.660845192306;0.0513782053846154;0.0006907051807692309;0.1096071228846154;0.0011462234316923078;0.7852782615384618;0.00014779203605769247
'IITM_DNN_02889_8_इसलिए.wav';0.0;131.80236122448983;0.047860361036734696;0.5951613224489796;0.008004035795918369;0.013877279306122453;-5.527147385714286e-05;0.01850722471428571;-0.00012300471128979596;-23.109811687755098;-0.06036752759795921;0.010450094228571426;8.117380214897947e-05;0.5811289580863267;0.004463852294693875;6.181612785714286;-10.13391;2.092177261020408;-4.831543502040816;-7.707456926530611;-0.34594313877551025;-6.013305963265306;19.17446732653061;16.953072669387755;37.77677732653063;-12.978579857142856;-18.943584959183667;-10.83084162653061;-12.925269569387753;-20.968491463265305;-1.7874151542857142;-0.19641846693877552;0.07094693265306108;-0.2187203240816328;-0.2830610673469388;0.020173606530612245;-0.06208687551020406;0.05034792606122446;0.31693523571428567;-0.09103938122448975;-0.06515499183673472;-0.2184570708163268;0.07603217557142862;-1.0011645142857142;-0.08751282387755105;0.3861641836734694;-0.2011561367346941;0.9939955326530613;-0.007799397142857162;3.685097510204082;-0.017357407551020405;0.04314218380204082;-0.00024447839887755014;0.22842004020408155;0.006248662730612243;0.46022724598775516;0.002357514506938768;78.79243920408162;1.2706121693877561;943.664993877551;2.27467718367347;1362.2449000000001;-26.700651183673457;1764.8809857142858;-29.48554506122448;2099.7023408163263;-44.8129022857143;5.97927586530612;0.11371384179591838;1430326.2979591836;-25794.5855857143;0.1840476202040816;-0.0018894560614285709;0.1294597871428571;-0.0010571362521836732;0.7084379224489795;0.00011626130779591835
'IITM_DNN_02889_9_उठाया.wav';0.0;132.563625;-0.047445414065;0.7556809965;0.020212220715000007;0.004441922747500001;-1.4744096725e-05;0.006917178702499997;-3.780333484999999e-05;-9.130492725000002;-0.10853384500249999;0.039883592512725004;0.0011267083554999985;0.1065779577075;0.0015939205685000005;-6.954993525000001;-7.181078724999999;0.5262980922499999;-4.715002289999999;-4.632247720000001;-0.04574911550000009;-0.6383882974999996;36.345227324999996;-3.0607647824999993;16.6762281;-6.291857397499999;3.8066023799999997;-2.064121952000001;2.9250400649999997;2.0332785175;-3.6416122574999994;-0.6867966599999998;-0.7533990107499998;0.05069556525;-0.11937632150000006;-0.15783514874999996;0.0019256224999999838;0.17862570569999997;-0.027796974750000016;-0.9130543125000001;0.276763965;0.08410058396550012;0.47027596974999974;0.14257035624999986;0.5532529500000001;0.5170969755749997;-0.14841536375;0.3992232525;-6.380840000000157e-05;3.778782275;-0.009625213075000003;0.012753280981;-5.965457025000029e-05;0.14458641175;0.000430178675;0.2724508325000001;0.00854081362475;70.10819554999998;-3.3952953799999994;157.8125025;-1.3541661999999994;236.7187525;-2.9687498250000006;601.56249;-1.9010412999999997;1001.30208;8.203125750000014;4.023955144999999;-0.0905105385;356987.91000000003;2789.5609650000006;0.09422916774999998;0.0006229170599999995;0.138764384525;-5.1798727500000015e-05;0.7556943975000002;-0.00020207881702499997
'IITM_DNN_02889_10_था.wav';0.0;107.24605624999998;-0.05132713209375;0.5985414059374999;-0.00044093906249999173;0.011866695906249999;-4.487460409374999e-05;0.019894716562499998;-4.3951815937500006e-05;-21.171011625000002;0.29164687353125;0.03863793995646875;1.147861437499968e-05;0.04503058094968752;-2.254750000000011e-05;-13.027894115625003;-10.0175624625;1.931042825;-3.025942475;-9.107296875;-0.1064255803124999;-3.4317239996875;35.389449375000005;-2.2616914687499996;8.770707218750001;-2.61332475;24.279076918750004;8.878157015625;-7.355095124999998;12.580738000000002;1.365425575;0.08978745625;-0.184970593125;-0.09209680312499996;0.349239359375;0.14776303593750004;-0.20670940625;-0.0763147278125;0.19672077812500016;-0.14963551687499993;-0.2647790324999999;0.1990174690625001;1.1665323568749997;0.7495552543749999;-0.7629778896874999;-0.2929164600000001;-0.1180276437500001;0.35624754374999984;-0.0004794538750000001;3.50372340625;-0.02397595999999999;0.012896085687500001;-5.539003265624956e-05;0.16379742718749998;-0.0011603002937500017;0.1894515438625;0.0002317932312500015;125.956398;0.5551243437500002;165.039065625;-1.562500004936851e-07;252.9296875;0.3906262812499969;458.984371875;-0.9765613437500023;851.5625218750001;-0.6510393749999985;5.9289614375;-0.020231142562499943;300214.3931249999;-570.0799375000031;0.06664062906250001;-0.00039062490624999926;0.07811501650000001;-4.8520596312499965e-05;0.71655840625;-0.0001170027356249999
'IITM_DNN_02889_11_कि.wav';0.0;126.55213333333333;-0.02875813866666667;0.5153798199999999;-0.003934373999999998;0.016660162733333334;-0.00022204864066666666;0.014882484933333334;-0.0002828859366666667;-32.92965606666667;1.6260348800000002;0.007596845686666667;-2.630494666666677e-05;0.3843441118133334;0.0016253965533333191;0.5664517333333335;-7.855043173333333;6.911440266666668;-7.40780724;-9.475214866666668;-3.5228109333333313;-5.478513246666667;19.5648498;22.290058503333334;48.344871999999995;-30.02140866666667;-7.599050533333334;-12.689546426666668;-28.680955113333333;-21.61450613333334;6.837494333333334;0.9663768666666667;-0.4839332333333334;0.8186858733333333;0.4812094306666668;-0.9221621733333334;0.5436233733333334;-0.49445299999999986;1.4134695493333327;1.8311034266666666;1.4453356400000004;-0.5491970133333335;-1.725813766666667;-1.0488783733333336;-2.089602908999999;-1.152752786666667;-0.7151263446666667;0.5464933999999999;-0.06374361359999998;3.6731665999999996;-0.19016065533333332;0.034644281140000004;-0.010324016931866666;0.24799459799999996;0.009070864066666661;0.4026142847533334;0.0006193623533333341;71.5704226;8.384076599999998;255.55554000000004;-1.3194454000000013;746.5277933333333;-136.59723273333333;985.4166333333334;-196.7361013333333;1237.50002;-254.0277640666667;6.655772913333333;0.5983533433333333;717689.1133333332;-187562.48146666668;0.11594444799999996;-0.012761111813333332;0.09450404933333334;-0.0012873731786666666;0.7360443733333332;0.0033297991326666668
'IITM_DNN_02889_12_इस.wav';0.0;115.363415;0.3099890856;0.514200665;0.003971970649999999;0.04433776800000001;-0.0005191642959999999;0.030710492;-0.00039424182199999995;-38.432059;-0.160012218;0.009995008255;1.6446404999999206e-06;0.6570236765829999;-0.00043917883269999563;3.28160215;-10.46355582;0.03836254999999902;-9.173580749999998;-8.092703894;-2.1373824515000006;-9.284892420000002;12.592175599999997;18.367899749999996;28.723666364999996;-2.478993955000001;-21.206865249999993;-5.430595000000002;-11.493888909999997;-22.279706333;-1.28946837;-0.44263639500000024;1.7071588095000003;-1.089224535;-0.5450869099999998;0.30188323899999997;-0.2669585549999999;0.0044586300000001525;-1.344068825;0.14860091;-2.01835;1.8444812335000005;0.62459978;-0.33136047;0.887878404;1.84047594;-0.13905122750000007;1.455101525;0.14842679330000003;3.970069;0.10568493334999998;0.058396005625000004;0.007770712404499999;0.3035435764999999;-0.0006736566914999967;0.4933134513899999;-0.00010168427099999256;63.752435250000005;-0.4887362760000008;1566.14585;207.8124816;2249.9999749999997;223.95831280000002;2582.812515;249.63544565000007;2882.291665;265.10414760000003;4.46564043;-0.15663605745;2128561.8844999997;138050.3513;0.25708333;0.023454168044999998;0.21150700700000002;-0.003099597537;0.6085404100000001;0.0010048730199999998
'IITM_DNN_02889_13_इम्तहान.wav';0.0;176.7007186440678;0.02598680098305084;0.7382642218644067;0.005192202402593216;0.01988246686440678;-7.811114078305084e-05;0.035048345966101686;-0.00024985641898305085;10.474327766101695;0.03532993800677967;0.04875117585101695;2.0366993220338913e-06;0.3051810189067796;0.0042040315220338974;-5.818539250847457;-10.644036147627117;-1.434852528813559;-9.10449387966102;-7.23715634457627;-1.5923731716949154;-5.750947836101695;37.1697879661017;4.494169293220338;19.041783050847453;-4.179975352542372;1.782482762711862;-12.018715420338983;-13.573660932203389;-4.457369184745762;-5.615506120338986;-0.35734240779661064;0.08212413220338978;-0.4377412715254236;-0.3990500850847456;-0.15177596864406773;-0.39919977254237293;-0.28622695525423736;0.46771856593220357;0.15119369322033904;-0.44028153661016955;0.31224792254237294;0.2472229694915256;-0.7005749804915258;-0.13756925694915256;0.2336243123728814;-0.5105436798644069;0.32537233050847464;-0.006547579032203389;3.1565341016949153;-0.030613957661016947;0.004718819645762711;-0.0002015585443050849;0.24706234101694916;0.00416135310677966;0.4667598497966101;0.005601716974576273;124.72252762711865;1.7499906106779637;176.73023050847453;0.5649714915254237;233.5805101694915;-2.1892654745762696;415.25422372881354;-27.206923101694912;653.6017000000002;-26.059319898305095;5.845885762711866;0.019361109520949125;168513.9740677966;-20369.002925254237;0.07233050966101692;-0.0027259887080498643;0.11694200169491523;7.985456276271185e-05;0.7742352949152543;0.00026214056780338965
'IITM_DNN_02889_14_की.wav';0.0;121.36586666666669;0.0012656816666666666;0.30658269444444447;0.06322127444444443;0.014045631111111111;0.0;0.09204918888888888;-2.083679e-05;-54.887896115555556;0.00930785;0.001380167431111111;0.0007514805055555555;0.12329310107777777;0.06713292082777779;0.6915964222222224;-8.952190311111112;1.5306361777777775;-10.921389900000001;-3.375744533333333;-7.87736111111111;-2.948379455555555;13.144315555555558;21.97671955555555;31.67713444444444;-13.545015388888888;-2.936692166666667;-7.285997555555555;-11.541565677777777;-12.702134333333335;11.011648333333333;1.1800406777777779;-2.1941437222222224;-0.4845916777777778;-2.3681853222222222;-2.366523911111111;-1.096182722222222;-0.7941151111111111;1.3396248555555557;0.979767033333333;3.1831222333333336;-3.512984488888889;-2.533482772222222;-0.07641006666666673;-3.5061059222222215;-0.8525130444444444;-0.18293617777777788;0.7746708666666667;-0.02696101999999999;4.321226888888889;-0.17118413222222217;0.07638431464444444;-0.0052990354444444445;0.16672070977777778;0.03019499055555556;0.17623900809999998;0.08587349225555554;119.66652755555555;2.9946966666666666;291.6666666666667;-2.3148158888888886;1059.0277777777778;-20.138889555555544;1620.3704;-60.99536111111112;2329.8610333333327;-147.33800777777776;6.665883255555555;0.1868126;1663541.6633333333;-108615.91555555555;0.18194444111111108;-0.003787037444444445;0.20492586666666668;0.002042929666666667;0.6896493444444444;0.006589249877777778
'IITM_DNN_02889_15_मार्फ़त.wav';0.0;148.3806826923077;-0.040542586946153855;0.6385414613461537;-0.007353032403846152;0.016386072061538456;6.108899176923072e-06;0.018801086788461537;1.7998872663461543e-05;-1.647002744615388;0.01012218485576923;0.05121134456736536;-9.39665627115277e-06;0.15115425714884612;-0.005159012616538462;-8.891439053846153;-11.441663669230767;-0.6130406692307694;-6.3792830715384605;-8.909492640384617;-1.359198106153846;-2.019934721153846;36.70539778461539;1.453515038461539;14.26276369230769;-0.972899665384615;5.418840229807693;-10.417880386538464;-7.107719001923079;3.996563492307691;0.619044038461539;-0.276579221923077;-0.2252947893269233;0.022373504038461563;-0.15717943403846163;-0.05759200769230763;0.023445499134615407;-0.05496433115384617;-0.4495721449999998;-0.06268456959615375;-0.015001241346153844;-0.014122395192307752;0.10333233096153838;0.4257555740384615;0.6375526003846154;0.42841712769230794;0.03411279038461548;0.4164202500000001;0.00032195251153846005;3.6080488076923083;0.004270851634615395;0.02420663243615384;0.00038137024526923056;0.17191487963461535;-0.000380185634615385;0.28875053049346155;-0.007798553938815386;132.93519953846155;11.263845492692308;171.0737153846154;-0.7612177307692305;298.0769211538462;0.2804466153846173;672.4759557692307;-2.6242001346153856;1097.9567423076924;3.8661907884615214;5.223467038461539;0.2727577538461538;500986.1146153846;5938.977916923077;0.09725961480769231;5.9294897692307274e-05;0.11468205517307693;2.726648807692304e-05;0.7308031403846152;-5.765512423076928e-05
'IITM_DNN_02889_16_ऐसे.wav';0.0;150.34715405405407;0.06475522424324326;0.9888364567567568;0.010814253621621618;0.02469520915135135;-0.00010853826410810811;0.025946071540540544;-0.0001466210451891892;-9.594545567567566;0.04020261916216217;0.050547059027027025;0.0011929733095675677;0.7512052917054054;0.04171358259918919;3.0383831972972972;-14.734706654054055;-9.206169748648646;-11.019452237837838;-1.3239867549999997;-1.2000794356756754;-6.856137032432432;26.186067405405403;2.712807194594595;30.216429864864864;-17.478868643243242;-21.594952;-7.3242258378378375;11.682365709729735;-16.102058459459464;2.8449388216216214;0.41542417081081084;-0.3384067251351352;0.08611600378378365;-0.14800941432432432;-0.09636212491891893;-0.06333599405405406;-0.2811356726810811;0.08838805097297289;0.057544484945945815;0.5727337145945945;-0.033218843513513764;-0.23601574108108103;-0.5024849135135132;-0.26451361837837845;-0.8230214345945948;-0.10988198189189187;0.7732786378378377;-0.0021682346756756723;3.878056810810811;-0.035159878081081085;0.03900570894054055;-0.00013278024427026955;0.2567941462162162;0.0008124904729729733;0.7755102574540539;0.028415358894594584;48.630361513513506;0.3834864432432434;304.89866756756754;-1.3231991493480806;856.9819891891891;-0.14077564864863787;1457.770264864865;-4.786014783783769;1795.6081378378376;-7.010160702702712;4.554203348648649;0.03211767108108112;1600788.0454054053;-1683.075737837827;0.1586486532432433;-0.0019797287351351342;0.16914955108108112;-0.0038730336210810816;0.7637385216216217;0.00014562698516216215
'IITM_DNN_02889_17_दूसरे.wav';0.0;142.22721607142856;-0.03070896115535715;0.6816948558928573;-0.003596174328392863;0.012156157982142854;-5.00318701428571e-06;0.011903267124999997;-1.197145432142857e-05;-14.033832568392858;-0.027745315410714292;0.019478391969267855;-5.714754642851606e-07;1.6516465378823213;-0.0003273240388749823;3.0800244285714284;-6.686624376785714;-2.6109641089285707;-6.772737139285716;-9.292304271428574;-2.438015817857143;-6.697561955357143;28.333677107142854;16.270094276785713;26.291314221428575;-7.951050357142856;-13.770175876785716;-17.132494767857143;-16.181008842857146;-11.299906162500005;-4.682367364285713;0.34013933071428576;0.2070839196428572;0.2944686612678572;0.2982775898750001;0.22799444803571425;0.14023371892857137;0.2046966216071429;-0.287515360134107;-0.3526622971428571;0.055485858392857246;-0.498801850892857;-0.4605452810714285;0.044470710714285815;-0.2246698882142856;-0.22159699053571422;0.17664761005357152;0.7194862214285713;0.004264342099999993;3.231900053571429;0.023324102660714306;0.03144090272660714;6.771356719642816e-05;0.2596882242857143;-3.1911428571424237e-06;1.197645958275;-0.004431534625535715;249.13461023214288;-11.081428844464286;621.6517928571429;2.8459991071428705;929.3154642857143;3.5342221607142856;1213.169617857143;3.608616750000006;1397.8794660714286;4.7061043749999625;7.447156319642857;-0.03778240288571428;955494.999410714;2711.0129444464087;0.12563988053571426;0.0011741088160714265;0.07277013055357141;1.5409486525e-05;0.7395181178571427;-3.899173889285712e-05
'IITM_DNN_02889_18_इम्तहानों.wav';0.0;154.0445390625;0.036142531093749986;0.6530896084374997;-0.005309146093750001;0.009848775359375;-1.0614836437500006e-05;0.014060616546875002;-1.1185888721874998e-05;2.1813404531249985;0.013852540026562499;0.02128250741683281;-3.308518595312518e-05;0.33942303384437517;-0.010838665968749998;-7.831877037500001;-7.620930434374998;-0.8130651793750001;-5.0873774265624965;-5.937945356093752;-1.9002950154687501;-4.268645668593749;38.85925875;7.068917162499999;18.057866119062506;-1.0270948484374998;5.716931068749998;-9.702322454687497;-13.9832651578125;-2.0758959546874993;-5.313010948437498;-0.07093054867187483;0.32292303750000007;-0.3580895089062501;-0.14759922671875003;-0.13009678218750007;-0.09650020715624998;-0.08902139578124998;0.23872038874999998;0.044759435625000316;-0.7842270468750001;0.3933962665937498;0.3177636679687499;-0.0104968854218749;0.013930280312500105;0.025404978749999987;-0.2943916670312499;0.30012779375;-0.0009238010648437485;3.031981546875;0.0014948635312500092;0.006448260378125002;-4.328263703124941e-06;0.22561256328124993;0.001130065350000001;0.436438332049375;-0.006593098582343748;133.770794875;-0.5191496803124982;173.8281265625;0.032551937499999906;237.6302109375;-1.888020657867437;348.1445359375;-0.42317496875000005;521.3216265625;0.8300786093749998;6.29153959375;-0.11009865562500001;164620.35468749993;-394.6298181250041;0.052916666562499985;-0.00018489571093750008;0.0598609975;-0.00012038635299218745;0.7502932375000002;3.643932135937504e-05
'IITM_DNN_02889_19_की.wav';0.0;138.72512222222224;-0.028756457777777775;0.3934962777777778;0.05067243166666666;0.03201475555555556;0.0;0.01846079222222222;0.0;-31.06828327777778;2.698088996333333;0.0023974561444444443;0.0004981752777777778;0.2434536337555556;0.07859087702666666;1.5212522188888888;-15.017618555555556;3.546629777777778;-6.784990333333332;-5.250106122222222;-3.2113679111111115;-5.752806466666667;16.55403888888889;17.521664111111114;36.85576888888889;-18.934369444444442;-7.133934444444445;-6.020605222222223;-19.834874111111112;-17.137247444444444;7.196859555555556;-0.15479172222222223;-0.7785613666666665;1.9069255555555555;0.6894627444444446;-0.9940705777777777;-0.19450146666666676;-0.8263101333333335;2.9051622444444445;3.594933944444445;4.364504811111112;-2.8712059777777776;-2.1524435;0.005474766666666476;-5.8923163999999995;-2.0351604666666665;-0.11916199999999989;0.7043205777777777;-0.08310769344444444;4.373897444444444;-0.37118953588888887;0.07613784823333335;-0.016640728828888892;0.17192177111111112;0.02170205411111111;0.24124989949999998;0.06924620552222222;73.85910911111111;14.073952288888888;229.16666666666666;-18.518517222222222;822.9166222222223;-89.5833511111111;1493.0556;-238.88887333333332;2156.2499222222223;-371.8749298888889;5.572761333333333;0.8570453888888888;1289601.817777778;-231282.67066666667;0.16249999999999998;-0.01954629533333333;0.16112704444444445;0.0;0.7425088666666667;0.00742378856222222
'IITM_DNN_02889_20_खबर.wav';0.0;126.48730749999997;-0.02095403799;0.59473311;-0.001777024132500005;0.02923023762499998;-0.0001571228051;0.0323255775;-0.00012658058207499996;-15.465503925000002;0.22536393607499994;0.011176629630500002;-4.781051427499997e-05;0.2075300493;0.0001261472827500004;-5.616721098500001;-12.358571082500003;2.8423763075;-7.116018262499999;-6.559819572500001;-0.9235872965000003;-1.2248150877500001;34.1492335;2.77660553;14.346553987499998;-5.6773399824999995;3.5143735499999997;-13.203905420000002;0.010965650000000516;6.8583487750000005;9.1208921425;0.022161861999999987;0.04742255575000019;-0.15290090250000005;-0.38540105750000003;-0.2574327184999999;0.20254699442499993;0.21339145922500005;0.5069327695;0.35643901250000004;0.6801633499999999;-0.19942251499999986;-0.22759187200000008;0.63483117675;-0.01026659750000003;0.535916982425;0.2110363949999999;0.42822184250000006;-0.011638720942500003;3.8289317999999994;-0.0644405744;0.021944307492999995;-0.0009889254799249996;0.20999123775;0.0016345941999999975;0.2862031268;0.000400540100750005;124.18809532499998;8.360351557750002;167.9687495;-4.062500125000001;317.1875025;-13.906251175;684.3750025000002;-20.72916665;1007.03125;-25.286460825;4.75157665;0.278504114;447416.14997499995;-18366.399725000003;0.08904166524999998;-0.00273958333375;0.12198131400000004;1.2995697499999995e-05;0.7251377500000001;0.0008391653151249996
'IITM_DNN_02889_21_मुझे.wav';0.0;162.05229677419356;-0.08812507200000001;0.6754388741935484;0.029284419741935484;0.04397943377419355;-0.0005295894003225807;0.044886495258064533;-0.0005071636094193549;-5.062951558064514;-0.0050636340677419275;0.013235011539354838;0.0010342835835483871;0.7303545511516129;0.0464207986451613;0.24032048354838614;-6.803938667741935;-5.430584722580645;-2.7276715064516135;-4.509708664516129;-3.025903887096774;-4.480036500000001;26.461993645161286;19.05499148709678;28.050020093548387;-8.376066561290322;-9.827183396774194;-13.039101447096773;-10.873282580645157;-11.447441793548387;-5.748984;0.38967583677419365;-0.5794326064516128;-0.07963093548387097;-0.4394607983870968;-0.18893917838709678;-0.10232635967741933;-0.054504087419354814;0.35444488387096756;-0.8813187850967742;0.8398411483870966;-1.1785575690322583;-1.208083950967742;-1.0260276645161293;-0.1469897064516129;-0.29056373548387104;-0.060477085161290384;0.7797412193548388;0.006711912225806441;3.4954973225806456;-0.012330889225806467;0.026988412541935486;-0.00014931876377419364;0.29249823870967745;0.008603952612903228;0.6569249406451612;0.033917697167741956;211.38997383870972;-14.56875877096774;802.4193632258065;4.200244870967746;1030.241935483871;8.299750580645144;1352.4865193548385;6.485195774193508;1606.8548032258063;4.838753229145692;6.901336609677421;-0.366634494516129;721929.0161290322;1019.1670483870964;0.15327956451612906;0.0014704290354838714;0.16391409135483867;0.0005532144165806451;0.7283781580645162;0.0005109953497096775
'IITM_DNN_02889_22_बाद.wav';0.0;183.72802142857145;0.15857311576785715;1.1717882499999999;0.004962213214285706;0.011448364064285715;-4.043852018214288e-06;0.010418445678571423;2.6888629192857142e-05;21.307260714285714;0.024462355785714297;0.2444617565757142;2.3056054796227608e-05;0.2720151785357143;0.0006407831785714245;-11.00253672142857;-23.12165378571429;0.15631446428571302;-6.560229464285716;-6.3340128321428555;-3.933725714285714;-4.347536107142857;43.51608642857144;-8.086400214285716;12.602198425;-11.161920214285713;14.216719039285717;-5.692167821071428;-13.475891492857146;1.5725180714285723;2.8888208242857134;-0.8363675392857143;-0.23291610000000038;0.10634057642857135;-0.10920927535714291;-0.13036056857142866;-0.1493275496428573;-0.13632031942857142;-0.3290271855500001;-0.19800411821428576;-0.4884424050000003;-0.07250146071428618;-0.30490931749999994;-0.4950934178571428;0.6608104928571427;1.025234545;-0.4215005832142857;0.45774526785714276;0.0006713780714285748;3.6499381428571422;0.0018175687142857055;0.0011923081521428571;1.1718224892857143e-05;0.24071946928571425;0.0055484520321428575;0.7024800471428572;0.0034093343571428582;181.08093753571433;14.632525367857143;185.26785714285714;3.571428562411581e-08;439.7321464285714;1.1160715000000014;655.1339357142857;0.3720248571428573;927.4553607142859;1.860122857142857;4.313182439285714;0.27066139357142854;157317.94099999996;233.45173250000198;0.11413690607142857;0.00016666682500000144;0.08683109749999998;-0.0007974051278571428;0.8113566071428574;0.00010713372074999996
'IITM_DNN_02889_23_में.wav';0.0;230.61919166666667;0.570840018;0.7780644833333333;0.04592511475;0.010426193258333332;-1.9318958333333347e-06;0.01858297;0.00010062246974999999;23.426852500000006;0.07982020757500001;0.007840198125000001;0.0011952503641666666;1.226264875;0.11073665249999996;1.6654887749999998;-19.5608625;-6.202348641666666;-11.03888775;-10.054925916666667;-16.040776;-11.317632750000001;41.236687499999995;14.998161666666666;28.98605583333334;-19.1609575;-27.216519833333333;-20.005415000000003;-12.91178541666667;-21.774887499999995;-5.2554705833333335;1.3483933166666666;-0.8874819883333335;0.5565211433333334;-1.259640733333333;-0.6338434391666666;-1.5556209083333332;-0.20827016883333335;-1.6710793608333334;-0.9826336283333332;1.2623985;-3.2285177916666665;-2.5068078791666664;1.466058258333333;-0.5926743691666668;-0.15914972808333336;0.5122001416666667;0.3210237;0.010667001983333332;2.7449125;0.02730114578333334;0.0003756830266666667;5.3487163924999996e-05;0.26973996666666666;0.008442249166666669;0.9568856499999999;0.05502545666666667;78.17006166666668;0.7339278500000006;217.88194166666668;3.90625;234.37500833333334;5.034722749999999;411.45833333333326;19.965278666666666;458.3333333333333;9.20139025;4.751728249999999;0.40634359333333325;38307.83708333333;4993.124125;0.054583335000000004;0.0031319443416666665;0.08177032000000001;-0.0013281009474999997;0.8139027416666665;0.00034067892346666665
'IITM_DNN_02889_24_भी.wav';0.0;123.62907647058825;0.035658936647058825;0.4978703764705883;0.029091857647058822;0.006003972764705882;-3.294589352941177e-05;0.014756708588235294;-0.00012859054;-31.590112941176486;0.8171141697058825;0.0049499081864705875;0.0006893698605882354;0.44187645835294115;0.04996172951764706;4.629282164705882;-14.85086535294118;-0.8685413999999999;-6.4948976882352945;-11.648200882352942;-5.588599317647059;-7.786432176470589;31.35180117647059;22.903474117647058;44.846219999999995;-7.135621235294117;-13.43330285882353;-7.851324588235293;-20.18569108235294;-17.61369141176471;-1.247306505882353;0.5402688411764706;-0.5162353705882352;1.0532290091764707;0.5819097817647059;-0.36732495294117645;-0.09064800823529413;-0.2628197394117647;-1.1124217341176472;-0.50543235;1.3588839882352939;-2.0769787588235293;-0.906741588235294;-0.49558289529411764;-1.142937829411765;-0.5396997117647058;-0.08385613647058822;0.2497075176470588;0.00753101388235294;2.7043831764705883;0.03938423194117649;0.003310919449411765;2.3401453529411822e-05;0.21215810470588234;0.012922795352941175;0.5278617551764705;0.03740174894117648;228.4620811764706;-10.704959411764708;168.50490000000002;1.654412235294118;194.24019411764706;2.6348040588235295;278.79900588235296;11.642157823529411;437.5;12.43872882352941;9.021544176470588;0.24279153899999997;107317.81576470587;3459.1121982352943;0.05720588235294118;0.002127451138235294;0.04716371835294117;-0.0004345911964705883;0.743171405882353;-0.0007858547306882352
'IITM_DNN_02889_25_लगी.wav';0.0;143.32197297297301;-0.04358416316216217;0.5523799216216216;-0.01140551243243243;0.01268673545945946;4.207476962162162e-06;0.016186862756756754;7.969815405405405e-06;1.4155972972972983;-0.06313072456756758;0.006271488564864865;-3.274806675675678e-05;0.3199585887297297;-0.007784785810810813;-4.530987778378377;-5.627422318918917;7.16995495945946;-7.198397445945945;-9.05154108108108;3.777000394594595;-5.4529780756756745;32.57592432432432;24.791329075675673;45.38296567567568;-16.63320889189189;-4.47336547837838;-12.407857735135137;-22.673246324324325;-8.364417821621622;3.1071993243243243;-0.0026468710810811174;0.23587123459459464;-0.1332976432432435;0.1831491124324325;0.088098127027027;-0.14234012702702695;0.08919199621621625;-0.08796208837837842;0.4210276302702704;-0.12144156648648667;0.1597704027027027;-0.019251073513513448;0.7972394594594595;-0.23779778621621617;0.16008665302702707;0.3047110202702703;0.27708031891891893;-0.0010068651216216212;2.973469972972972;0.012990217386486494;0.0009400954783783782;5.351018891891885e-06;0.18880042675675673;0.00029322413783783785;0.3473341756756757;-0.009829263162162163;231.40248729729723;4.430164778378379;167.7927918918919;-1.4639638378378377;242.6801810810811;-0.16891843243243174;342.06080540540546;-2.308558081081081;397.80405945945944;-1.3231987837837842;10.539985324324329;0.11128597837837831;59045.867378378374;50.758024324324126;0.0657207208108108;-0.000740991410810811;0.08493946864864865;5.2551898729729735e-05;0.762367883783784;1.4894163700000026e-05
'IITM_DNN_02889_26_जिसमें.wav';0.0;144.18678387096773;0.028863583935483873;0.5849384774193548;0.028447023290322573;0.01488604929032258;-0.00013797259406129033;0.01581605441935484;-0.00013976947206451615;-22.768855145161297;0.6662744138709674;0.008544315117419356;0.0010234965381935484;0.7307573768219354;0.0453869086364516;0.8768081645161288;-6.00815474516129;-9.17727240967742;-10.892108612903224;-8.714004080645163;-5.447290596774193;-8.314745480645161;18.880273806451616;18.379960838709682;21.1062734;1.6025568709677414;-19.19340021612903;-12.074901132258065;-5.676339358064515;-15.49559241935484;-5.0755276903225806;0.3353880874193549;-0.8740703290322582;0.16211895806451607;-0.3651008003225806;-0.2943124858064517;-0.618734374516129;-0.3441403758064516;0.5811858622580645;-0.6854862032258066;0.4502474677419354;-1.7061922290322582;-1.2270762996451612;-0.44605404516129027;-0.30606934225806454;-0.4998835422580645;-0.08226522419354848;1.0922969225806454;0.005761625935483853;3.6043025161290334;-0.010566266258064543;0.04291355425483872;-0.0004557866799999993;0.2779829580645162;0.005851415645161291;0.6174152467838708;0.03144479949419355;104.45417877419357;-1.5370941290322575;1190.5241741935483;3.7298308064516017;1608.8710064516129;7.594077741935449;1764.1128774193548;9.274214709677416;2102.8225419354835;5.9139599677419055;5.623280496774193;-0.09476847919354839;1299976.2964516128;-8572.91245161289;0.2155645158064516;0.00018548677419355037;0.13395656612903226;-9.75107387096775e-05;0.7051372064516127;0.0010239217872580642
'IITM_DNN_02889_27_शामिल.wav';0.0;155.421925;-0.018215937274999996;0.74460646;0.0008094638999999966;0.014618354424999999;-7.38239476e-05;0.0215569752;-0.000162379267375;-6.437789679999997;0.2711685305465;0.06678554788;-8.223678675000166e-05;0.20848880160699998;0.006139295102400001;-4.9729227174999995;-10.65340457;-5.3332788175;-7.3703058000000015;-4.772665582500001;-5.651310242499999;-5.486964487500001;24.0256304;5.804883500000001;20.397605424999995;-7.486066757500001;-4.018894050000001;-11.470729040000002;-15.087608105000005;-5.303991556250001;-5.7434853425;-0.05796358924999995;0.16542693899999988;0.813421521475;-0.29269802899999997;0.11332828212499997;0.37648937299999996;-0.06762787699999999;0.9368586835000002;-0.21897850000000013;0.18951219174999992;-0.27966256745000007;-0.27599826250000004;-0.6237923727499999;-0.2658241750000002;0.16234026975;0.185517028;0.9474047825000002;-0.012255905277499998;4.051682999999999;-0.019162535025000017;0.043412712395000004;-0.0014225117879500004;0.189469457;0.0016076612500000003;0.322903501025;0.00620689105975;64.16358720000001;4.50953878495;958.3333500000001;-6.067706775000003;1148.9583275;-7.057283050000009;1748.95834;-38.46351939999998;2195.0520699999997;-51.927095499999986;3.4126865407499993;0.10746535250000004;748973.888;-56611.317865000005;0.19231250000000003;-0.004589585614999997;0.07392164635000001;-0.0004340443810000001;0.7468517900000001;0.0005331479838
'IITM_DNN_02889_28_थे.wav';0.0;82.2870642857143;-0.041825518035714285;0.38525678;-0.0005541889285714297;0.018547360392857145;-0.0001406737625;0.0206005;-0.00010163373807142857;-46.28872739285714;0.2269758267142858;0.0031539757550714284;8.833010714285775e-07;0.1187800642;0.00019114041428571418;7.166987803214284;-7.565941382142856;0.4661657285714286;-1.999982997857143;-7.234470149999999;-1.6376504903571427;-4.368857800000002;26.190001642857137;21.08442653571429;39.424490142857145;-12.230308428571428;-15.86176425714286;3.7274395292857143;-10.921395839285712;-14.638788571428572;8.627139528571428;0.27843190714285704;-0.7241430014285711;0.11184782500000005;-0.05016985392857144;-0.3103227099999999;-0.04800080249999998;0.010018168214285654;0.3748682267857144;-0.17019434821428586;0.5314937249999998;-1.2471632857142858;-1.1004505310714285;-0.011364078571428635;-0.6976184535714287;-0.4823769667857142;0.31553311071428586;0.3312702214285714;0.004974049767142857;3.3793981071428574;0.030994116464285685;0.01728014408928571;-4.099331414999971e-05;0.14128220642857142;0.0022671367499999965;0.15304300463928575;-0.000166029389285713;182.38838339285712;-17.01934053571428;150.29761714285715;2.9761898214285716;200.14880714285715;4.5386898928571435;348.5863178571429;5.394344321428568;868.6755785714284;8.630941642857147;9.840508892857141;-0.4330325878571428;497483.8957142856;373.63818821427947;0.0899999992857143;-0.00012202358928571409;0.06796650071428571;-0.0004932576825;0.7062558035714285;-0.0002222934281785715
